8.274009402283412085e-01 2.686366689053055860e-03 3.357958361316319609e-03 1.343183344526527930e-03 0.000000000000000000e+00 6.715916722632639651e-04 6.715916722632639651e-04 1.343183344526527930e-03 3.357958361316319609e-03 1.591672263263935461e-01
6.315789473684210731e-02 7.789473684210526105e-01 5.263157894736841987e-03 2.631578947368420993e-03 2.631578947368420993e-03 0.000000000000000000e+00 0.000000000000000000e+00 0.000000000000000000e+00 5.263157894736841987e-03 1.421052631578947345e-01
5.376344086021505805e-03 3.584229390681003581e-03 8.620071684587813365e-01 1.433691756272401432e-02 0.000000000000000000e+00 3.584229390681003581e-03 3.225806451612903136e-02 1.792114695340501791e-03 7.168458781362007162e-03 6.989247311827956333e-02
1.335113484646194889e-03 9.345794392523363789e-03 2.136181575433911822e-02 7.810413885180240712e-01 4.005340453938585100e-03 3.604806408544726504e-02 5.340453938584779556e-03 2.670226969292389778e-03 4.539385847797063056e-02 9.345794392523364136e-02
1.538461538461538547e-02 0.000000000000000000e+00 1.538461538461538547e-02 7.692307692307692735e-03 8.153846153846153744e-01 4.615384615384615641e-02 0.000000000000000000e+00 0.000000000000000000e+00 7.692307692307692735e-03 9.230769230769231282e-02
0.000000000000000000e+00 0.000000000000000000e+00 0.000000000000000000e+00 1.626016260162601798e-02 8.130081300813008990e-03 9.105691056910568681e-01 0.000000000000000000e+00 0.000000000000000000e+00 4.065040650406504495e-03 6.097560975609755962e-02
1.041666666666666609e-02 0.000000000000000000e+00 3.125000000000000000e-02 0.000000000000000000e+00 0.000000000000000000e+00 0.000000000000000000e+00 8.229166666666666297e-01 1.041666666666666609e-02 1.041666666666666609e-02 1.145833333333333287e-01
0.000000000000000000e+00 1.250000000000000069e-02 2.500000000000000139e-02 0.000000000000000000e+00 0.000000000000000000e+00 0.000000000000000000e+00 0.000000000000000000e+00 8.000000000000000444e-01 0.000000000000000000e+00 1.625000000000000056e-01
0.000000000000000000e+00 3.816793893129770843e-03 1.908396946564885552e-02 1.526717557251908337e-02 3.816793893129770843e-03 3.816793893129770843e-03 0.000000000000000000e+00 0.000000000000000000e+00 8.740458015267175140e-01 8.015267175572518554e-02
1.082120957075868688e-02 9.017674642298905731e-04 1.623181435613803075e-03 2.825538054586990578e-03 9.017674642298905731e-04 2.044006252254418864e-03 3.005891547432968758e-04 5.410604785379343222e-04 9.017674642298905731e-04 9.791391126608152140e-01
