8.850574712643678454e-01 0.000000000000000000e+00 1.436781609195402279e-03 1.436781609195402279e-03 0.000000000000000000e+00 1.436781609195402279e-03 0.000000000000000000e+00 0.000000000000000000e+00 0.000000000000000000e+00 1.106321839080459807e-01
8.045977011494252762e-02 7.471264367816091712e-01 0.000000000000000000e+00 0.000000000000000000e+00 0.000000000000000000e+00 2.298850574712643646e-02 0.000000000000000000e+00 0.000000000000000000e+00 1.149425287356321823e-02 1.379310344827586188e-01
3.937007874015747977e-03 0.000000000000000000e+00 9.015748031496062520e-01 0.000000000000000000e+00 0.000000000000000000e+00 1.181102362204724393e-02 1.574803149606299191e-02 3.937007874015747977e-03 0.000000000000000000e+00 6.299212598425196763e-02
0.000000000000000000e+00 0.000000000000000000e+00 1.413427561837455812e-02 8.763250883392226243e-01 7.067137809187279060e-03 2.473498233215547584e-02 3.533568904593639530e-03 0.000000000000000000e+00 2.473498233215547584e-02 4.946996466431095169e-02
0.000000000000000000e+00 0.000000000000000000e+00 0.000000000000000000e+00 0.000000000000000000e+00 8.611111111111111605e-01 5.555555555555555247e-02 0.000000000000000000e+00 0.000000000000000000e+00 0.000000000000000000e+00 8.333333333333332871e-02
0.000000000000000000e+00 0.000000000000000000e+00 3.690036900369003583e-03 0.000000000000000000e+00 1.107011070110701031e-02 9.557195571955720004e-01 0.000000000000000000e+00 0.000000000000000000e+00 0.000000000000000000e+00 2.952029520295202866e-02
1.694915254237288130e-02 0.000000000000000000e+00 3.389830508474576259e-02 0.000000000000000000e+00 0.000000000000000000e+00 0.000000000000000000e+00 8.644067796610169774e-01 0.000000000000000000e+00 0.000000000000000000e+00 8.474576271186440302e-02
0.000000000000000000e+00 1.639344262295082053e-02 0.000000000000000000e+00 1.639344262295082053e-02 0.000000000000000000e+00 1.639344262295082053e-02 0.000000000000000000e+00 8.032786885245901676e-01 0.000000000000000000e+00 1.475409836065573743e-01
0.000000000000000000e+00 1.086956521739130405e-02 2.173913043478260809e-02 5.434782608695652023e-02 0.000000000000000000e+00 0.000000000000000000e+00 0.000000000000000000e+00 1.086956521739130405e-02 8.043478260869565410e-01 9.782608695652174335e-02
3.866520971673531159e-03 1.681096074640665698e-04 7.564932335882995369e-04 1.428931663444565816e-03 3.362192149281331395e-04 9.246028410523661608e-04 3.362192149281331395e-04 2.521644111960998818e-04 4.202740186601664515e-04 9.915104648230645967e-01
