9.254032258064516236e-01 6.720430107526882257e-04 0.000000000000000000e+00 0.000000000000000000e+00 0.000000000000000000e+00 1.344086021505376451e-03 0.000000000000000000e+00 6.720430107526882257e-04 0.000000000000000000e+00 7.123655913978495235e-02
8.968609865470851886e-03 9.327354260089686377e-01 8.968609865470851886e-03 0.000000000000000000e+00 0.000000000000000000e+00 0.000000000000000000e+00 0.000000000000000000e+00 0.000000000000000000e+00 0.000000000000000000e+00 4.035874439461883262e-02
3.257328990228013175e-03 3.257328990228013175e-03 9.413680781758957394e-01 1.628664495114006587e-03 0.000000000000000000e+00 0.000000000000000000e+00 1.140065146579804546e-02 0.000000000000000000e+00 0.000000000000000000e+00 3.745928338762215259e-02
4.310344827586206837e-03 0.000000000000000000e+00 6.465517241379310255e-03 9.396551724137931494e-01 2.155172413793103418e-03 8.620689655172413673e-03 2.155172413793103418e-03 0.000000000000000000e+00 2.155172413793103418e-03 3.232758620689655388e-02
0.000000000000000000e+00 0.000000000000000000e+00 0.000000000000000000e+00 0.000000000000000000e+00 9.296875000000000000e-01 1.562500000000000000e-02 0.000000000000000000e+00 0.000000000000000000e+00 0.000000000000000000e+00 5.468750000000000000e-02
0.000000000000000000e+00 0.000000000000000000e+00 0.000000000000000000e+00 1.805054151624548801e-03 1.805054151624548714e-02 9.729241877256317172e-01 0.000000000000000000e+00 0.000000000000000000e+00 0.000000000000000000e+00 5.415162454873645968e-03
0.000000000000000000e+00 0.000000000000000000e+00 7.751937984496123923e-03 0.000000000000000000e+00 0.000000000000000000e+00 0.000000000000000000e+00 9.224806201550387330e-01 0.000000000000000000e+00 0.000000000000000000e+00 6.976744186046511531e-02
5.813953488372092943e-03 0.000000000000000000e+00 0.000000000000000000e+00 1.162790697674418589e-02 0.000000000000000000e+00 5.813953488372092943e-03 0.000000000000000000e+00 9.069767441860464574e-01 0.000000000000000000e+00 6.976744186046511531e-02
6.849315068493150305e-03 0.000000000000000000e+00 2.739726027397260122e-02 2.739726027397260122e-02 0.000000000000000000e+00 6.849315068493150305e-03 0.000000000000000000e+00 2.739726027397260122e-02 8.698630136986301720e-01 3.424657534246575152e-02
1.304274654998317101e-03 3.365870077415011874e-04 3.365870077415011874e-04 4.628071356445641327e-04 1.682935038707505937e-04 2.103668798384382421e-04 4.207337596768764842e-05 4.628071356445641327e-04 1.262201279030629453e-04 9.954560753954897478e-01
