9.286898839137645023e-01 0.000000000000000000e+00 0.000000000000000000e+00 0.000000000000000000e+00 0.000000000000000000e+00 0.000000000000000000e+00 0.000000000000000000e+00 0.000000000000000000e+00 0.000000000000000000e+00 7.131011608623548381e-02
2.857142857142857054e-02 9.000000000000000222e-01 1.428571428571428527e-02 0.000000000000000000e+00 0.000000000000000000e+00 0.000000000000000000e+00 0.000000000000000000e+00 0.000000000000000000e+00 0.000000000000000000e+00 5.714285714285714107e-02
0.000000000000000000e+00 7.352941176470588133e-03 9.522058823529411242e-01 0.000000000000000000e+00 0.000000000000000000e+00 0.000000000000000000e+00 1.102941176470588307e-02 0.000000000000000000e+00 0.000000000000000000e+00 2.941176470588235253e-02
0.000000000000000000e+00 0.000000000000000000e+00 4.329004329004329001e-03 9.653679653679653194e-01 0.000000000000000000e+00 0.000000000000000000e+00 0.000000000000000000e+00 0.000000000000000000e+00 4.329004329004329001e-03 2.597402597402597574e-02
0.000000000000000000e+00 0.000000000000000000e+00 0.000000000000000000e+00 0.000000000000000000e+00 9.166666666666666297e-01 1.388888888888888812e-02 0.000000000000000000e+00 0.000000000000000000e+00 0.000000000000000000e+00 6.944444444444444753e-02
0.000000000000000000e+00 0.000000000000000000e+00 0.000000000000000000e+00 3.095975232198142600e-03 1.547987616099071213e-02 9.752321981424149078e-01 0.000000000000000000e+00 0.000000000000000000e+00 0.000000000000000000e+00 6.191950464396285200e-03
0.000000000000000000e+00 0.000000000000000000e+00 1.754385964912280604e-02 0.000000000000000000e+00 0.000000000000000000e+00 0.000000000000000000e+00 8.947368421052631637e-01 0.000000000000000000e+00 0.000000000000000000e+00 8.771929824561403022e-02
0.000000000000000000e+00 0.000000000000000000e+00 0.000000000000000000e+00 3.571428571428571230e-02 0.000000000000000000e+00 0.000000000000000000e+00 0.000000000000000000e+00 8.928571428571429047e-01 0.000000000000000000e+00 7.142857142857142461e-02
0.000000000000000000e+00 0.000000000000000000e+00 6.521739130434782428e-02 6.521739130434782428e-02 0.000000000000000000e+00 0.000000000000000000e+00 0.000000000000000000e+00 4.347826086956521618e-02 7.608695652173913526e-01 6.521739130434782428e-02
1.496110113704368551e-03 2.992220227408737211e-04 1.496110113704368606e-04 3.740275284260921379e-04 2.244165170556553044e-04 2.992220227408737211e-04 0.000000000000000000e+00 4.488330341113106088e-04 1.496110113704368606e-04 9.965589467384800004e-01
